0
201
0
29
0
267
0
24
0
184
0
293
0
203
0
263
0
153
0
32
0
110
0
46
0
85
0
186
0
85
0
286
0
209
0
292
0
194
0
286
0
51
0
184
1
65
1
29
1
109
1
142
1
284
1
82
1
72
1
186
1
73
1
233
1
129
1
34
1
159
2
128
2
183
2
299
2
275
2
228
2
42
2
13
2
143
2
233
2
26
2
139
2
203
3
264
3
109
3
298
3
30
3
229
3
108
3
25
3
115
3
150
3
53
3
197
3
146
4
192
4
199
4
206
4
98
4
45
4
299
4
86
4
141
4
11
4
149
4
208
4
249
4
165
4
226
4
8
4
288
5
216
5
232
5
215
5
45
5
268
5
164
5
43
5
233
5
139
5
27
5
172
5
259
6
157
6
160
6
71
6
287
6
130
6
265
6
100
6
115
6
84
6
27
6
197
6
67
6
173
6
55
6
155
6
100
6
269
6
165
6
43
6
80
6
222
6
126
6
298
6
146
6
106
7
171
7
228
7
197
7
12
7
289
7
201
7
97
7
131
7
250
7
142
7
265
7
299
7
257
7
245
7
126
8
218
8
24
8
244
8
15
8
31
8
229
8
246
8
157
8
241
8
95
8
46
8
15
8
238
8
9
8
18
8
101
8
269
8
217
8
143
8
111
8
248
8
48
8
91
8
144
8
240
9
156
9
47
9
53
9
246
9
206
9
126
9
287
9
110
9
81
9
245
9
10
9
92
9
258
9
164
9
294
9
229
9
23
9
45
9
16
9
284
9
155
9
48
10
106
10
295
10
21
10
235
10
267
10
184
10
270
10
51
10
0
10
227
10
218
10
103
10
263
10
160
10
99
10
176
10
9
10
152
10
199
10
1
10
116
10
294
10
117
10
140
10
291
10
239
